0  5.000000E+00            1.441827E-05   1.440437E-16   4.415653E+01   3.756956E-02   6.325240E-16   7.149575E-05
                           179.9811       179.9948        -0.0000       359.9723       179.9811       359.9811
0  6.000000E+00            1.474424E-05   1.449368E-16   4.416161E+01   5.410629E-02   6.468241E-16   7.311218E-05
                           179.9666       179.9907        -0.0000       359.9668       179.9666       359.9666
0  7.000000E+00            1.514899E-05   1.460457E-16   4.416761E+01   7.365453E-02   6.645798E-16   7.511922E-05
                           179.9455       179.9845        -0.0000       359.9613       179.9455       359.9455
0  8.000000E+00            1.564450E-05   1.474033E-16   4.417454E+01   9.621670E-02   6.863169E-16   7.757629E-05
                           179.9160       179.9756        -0.0000       359.9557       179.9160       359.9160
0  9.000000E+00            1.624673E-05   1.490530E-16   4.418239E+01   1.217956E-01   7.127356E-16   8.056255E-05
                           179.8759       179.9630        -0.0000       359.9502       179.8759       359.8759
0  1.000000E+01            1.697708E-05   1.510537E-16   4.419117E+01   1.503944E-01   7.447747E-16   8.418411E-05
                           179.8221       179.9452       359.9999       359.9446       179.8221       359.8221
0  1.100000E+01            1.786460E-05   1.534846E-16   4.420088E+01   1.820166E-01   7.837086E-16   8.858505E-05
                           179.7508       179.9206       359.9999       359.9391       179.7508       359.7508
0  1.200000E+01            1.894943E-05   1.564558E-16   4.421152E+01   2.166661E-01   8.312987E-16   9.396443E-05
                           179.6568       179.8862       359.9999       359.9335       179.6568       359.6568
0  1.300000E+01            2.028839E-05   1.601225E-16   4.422308E+01   2.543473E-01   8.900362E-16   1.006039E-04
                           179.5328       179.8379       359.9999       359.9280       179.5329       359.5328
0  1.400000E+01            2.196420E-05   1.647110E-16   4.423558E+01   2.950648E-01   9.635511E-16   1.089137E-04
                           179.3684       179.7694       359.9998       359.9224       179.3684       359.3684
0  1.500000E+01            2.410193E-05   1.705633E-16   4.424902E+01   3.388237E-01   1.057330E-15   1.195141E-04
                           179.1475       179.6702       359.9998       359.9168       179.1476       359.1475
0  1.600000E+01            2.689963E-05   1.782204E-16   4.426339E+01   3.856294E-01   1.180060E-15   1.333870E-04
                           178.8454       179.5229       359.9998       359.9113       178.8454       358.8454
0  1.700000E+01            3.069007E-05   1.885908E-16   4.427869E+01   4.354877E-01   1.346340E-15   1.521826E-04
                           178.4199       179.2961       359.9997       359.9057       178.4199       358.4199
0  1.800000E+01            3.607796E-05   2.033238E-16   4.429494E+01   4.884049E-01   1.582698E-15   1.788995E-04
                           177.7949       178.9290       359.9997       359.9001       177.7950       357.7949
0  1.900000E+01            4.428698E-05   2.257514E-16   4.431212E+01   5.443876E-01   1.942813E-15   2.196055E-04
                           176.8159       178.2905       359.9996       359.8945       176.8159       356.8159
0  1.942944E+01            4.928114E-05   2.393830E-16   4.431979E+01   5.693714E-01   2.161899E-15   2.443700E-04
                           176.2104       177.8652       359.9996       359.8921       176.2105       356.2104
0  2.000000E+01            5.821506E-05   2.637427E-16   4.433025E+01   6.034427E-01   2.553814E-15   2.886706E-04
                           175.1152       177.0504       359.9995       359.8889       175.1152       355.1152
0  2.100000E+01            8.670942E-05   3.411977E-16   4.434933E+01   6.655776E-01   3.803813E-15   4.299654E-04
                           171.5577       174.1373       359.9995       359.8833       171.5578       351.5577
0  2.200000E+01            1.735633E-04   5.747096E-16   4.436935E+01   7.308001E-01   7.613942E-15   8.606470E-04
                           160.2537       163.7791       359.9994       359.8777       160.2538       340.2537
0  2.285816E+01            4.578317E-04   1.260910E-15   4.438729E+01   7.892397E-01   2.008429E-14   2.270247E-03
                            91.7183        96.4747       359.9993       359.8729        91.7184       271.7183
0  2.300000E+01            4.206456E-04   1.118969E-15   4.439032E+01   7.991183E-01   1.845300E-14   2.085853E-03
                            69.3181        74.3353       359.9993       359.8721        69.3181       249.3181
0  2.400000E+01            1.282068E-04   2.543029E-16   4.441225E+01   8.705409E-01   5.624194E-15   6.357381E-04
                            18.9019        26.5596       359.9992       359.8665        18.9020       198.9019
0  2.500000E+01            6.905858E-05   8.893784E-17   4.443513E+01   9.450768E-01   3.029463E-15   3.424403E-04
                            11.3739        24.7863       359.9991       359.8608        11.3740       191.3739
0  2.600000E+01            4.644512E-05   2.838926E-17   4.445897E+01   1.022735E+00   2.037449E-15   2.303071E-04
                             8.5795        41.9269       359.9990       359.8552         8.5795       188.5795
0  2.628689E+01            4.235388E-05   1.922528E-17   4.446598E+01   1.045593E+00   1.857973E-15   2.100199E-04
                             8.0819        57.9890       359.9989       359.8536         8.0820       188.0819
0  2.700000E+01            3.461974E-05   1.584420E-17   4.448377E+01   1.103526E+00   1.518690E-15   1.716686E-04
                             7.1528       131.8528       359.9989       359.8495         7.1529       187.1528
0  2.800000E+01            2.737581E-05   3.122659E-17   4.450953E+01   1.187460E+00   1.200911E-15   1.357482E-04
                             6.3039       164.7197       359.9987       359.8439         6.3040       186.3039
0  2.900000E+01            2.249447E-05   4.378440E-17   4.453626E+01   1.274547E+00   9.867745E-16   1.115431E-04
                             5.7523       171.8957       359.9986       359.8382         5.7525       185.7523
0  2.971561E+01            1.988054E-05   5.070961E-17   4.455599E+01   1.338810E+00   8.721059E-16   9.858147E-05
                             5.4683       174.1293       359.9985       359.8341         5.4684       185.4683
0  3.000000E+01            1.898862E-05   5.309110E-17   4.456397E+01   1.364798E+00   8.329790E-16   9.415873E-05
                             5.3739       174.7382       359.9984       359.8325         5.3741       185.3739
0  3.100000E+01            1.635309E-05   6.016780E-17   4.459265E+01   1.458225E+00   7.173627E-16   8.108994E-05
                             5.1052       176.2034       359.9983       359.8268         5.1053       185.1052
0  3.200000E+01            1.430271E-05   6.570481E-17   4.462230E+01   1.554840E+00   6.274161E-16   7.092274E-05
                             4.9102       177.0760       359.9981       359.8211         4.9104       184.9102
0  3.300000E+01            1.266440E-05   7.014412E-17   4.465294E+01   1.654655E+00   5.555462E-16   6.279886E-05
                             4.7673       177.6455       359.9979       359.8154         4.7675       184.7673
0  3.400000E+01            1.132706E-05   7.377620E-17   4.468457E+01   1.757682E+00   4.968793E-16   5.616739E-05
                             4.6626       178.0419       359.9977       359.8097         4.6628       184.6626
0  3.500000E+01            1.021611E-05   7.679849E-17   4.471718E+01   1.863935E+00   4.481439E-16   5.065854E-05
                             4.5866       178.3311       359.9975       359.8040         4.5868       184.5866
0  3.600000E+01            9.279661E-06   7.934946E-17   4.475079E+01   1.973427E+00   4.070636E-16   4.601498E-05
                             4.5329       178.5500       359.9973       359.7982         4.5331       184.5329
0  3.700000E+01            8.480484E-06   8.152893E-17   4.478540E+01   2.086173E+00   3.720050E-16   4.205211E-05
                             4.4968       178.7206       359.9970       359.7925         4.4970       184.4968
0  3.800000E+01            7.791185E-06   8.341062E-17   4.482101E+01   2.202187E+00   3.417666E-16   3.863409E-05
                             4.4747       178.8567       359.9968       359.7867         4.4750       184.4747
0  3.900000E+01            7.191165E-06   8.505010E-17   4.485762E+01   2.321484E+00   3.154448E-16   3.565877E-05
                             4.4642       178.9675       359.9965       359.7809         4.4644       184.4642
0  4.000000E+01            6.664636E-06   8.649004E-17   4.489525E+01   2.444080E+00   2.923469E-16   3.304788E-05
                             4.4631       179.0593       359.9963       359.7751         4.4634       184.4631
0  4.100000E+01            6.199300E-06   8.776373E-17   4.493390E+01   2.569989E+00   2.719334E-16   3.074042E-05
                             4.4701       179.1363       359.9960       359.7693         4.4704       184.4701
0  4.200000E+01            5.785433E-06   8.889754E-17   4.497356E+01   2.699230E+00   2.537777E-16   2.868818E-05
                             4.4838       179.2018       359.9957       359.7634         4.4841       184.4838
0  4.300000E+01            5.415251E-06   8.991257E-17   4.501426E+01   2.831817E+00   2.375385E-16   2.685256E-05
                             4.5032       179.2581       359.9953       359.7576         4.5035       184.5032
0  4.400000E+01            5.082447E-06   9.082596E-17   4.505598E+01   2.967770E+00   2.229389E-16   2.520229E-05
                             4.5275       179.3070       359.9950       359.7517         4.5279       184.5275
0  4.500000E+01            4.781859E-06   9.165172E-17   4.509875E+01   3.107105E+00   2.097527E-16   2.371177E-05
                             4.5562       179.3498       359.9947       359.7459         4.5566       184.5562
0  4.600000E+01            4.509223E-06   9.240145E-17   4.514256E+01   3.249841E+00   1.977926E-16   2.235985E-05
                             4.5886       179.3875       359.9943       359.7400         4.5890       184.5886
0  4.700000E+01            4.260985E-06   9.308482E-17   4.518741E+01   3.395996E+00   1.869028E-16   2.112891E-05
                             4.6242       179.4210       359.9939       359.7341         4.6247       184.6242
0  4.800000E+01            4.034161E-06   9.370994E-17   4.523332E+01   3.545590E+00   1.769524E-16   2.000416E-05
                             4.6628       179.4509       359.9935       359.7281         4.6633       184.6628
0  4.900000E+01            3.826228E-06   9.428368E-17   4.528030E+01   3.698644E+00   1.678308E-16   1.897309E-05
                             4.7039       179.4778       359.9931       359.7222         4.7045       184.7039
0  5.000000E+01            3.635038E-06   9.481189E-17   4.532834E+01   3.855176E+00   1.594436E-16   1.802503E-05
                             4.7473       179.5021       359.9926       359.7162         4.7479       184.7473
0  5.100000E+01            3.458749E-06   9.529958E-17   4.537745E+01   4.015208E+00   1.517101E-16   1.715087E-05
                             4.7928       179.5242       359.9922       359.7102         4.7934       184.7928
0  5.200000E+01            3.295779E-06   9.575107E-17   4.542764E+01   4.178761E+00   1.445608E-16   1.634275E-05
                             4.8401       179.5443       359.9917       359.7042         4.8408       184.8401
0  5.300000E+01            3.144754E-06   9.617010E-17   4.547892E+01   4.345857E+00   1.379356E-16   1.559386E-05
                             4.8891       179.5627       359.9912       359.6982         4.8898       184.8891
0  5.400000E+01            3.004482E-06   9.655992E-17   4.553129E+01   4.516519E+00   1.317821E-16   1.489830E-05
                             4.9396       179.5796       359.9907       359.6922         4.9404       184.9396
0  5.500000E+01            2.873919E-06   9.692337E-17   4.558477E+01   4.690770E+00   1.260546E-16   1.425088E-05
                             4.9915       179.5951       359.9901       359.6861         4.9923       184.9915
0  5.600000E+01            2.752152E-06   9.726294E-17   4.563935E+01   4.868633E+00   1.207129E-16   1.364707E-05
                             5.0446       179.6095       359.9896       359.6800         5.0454       185.0446
0  5.700000E+01            2.638373E-06   9.758084E-17   4.569504E+01   5.050132E+00   1.157216E-16   1.308288E-05
                             5.0989       179.6229       359.9890       359.6739         5.0998       185.0989
0  5.800000E+01            2.531870E-06   9.787901E-17   4.575186E+01   5.235293E+00   1.110495E-16   1.255476E-05
                             5.1542       179.6353       359.9884       359.6678         5.1551       185.1542
0  5.900000E+01            2.432012E-06   9.815917E-17   4.580981E+01   5.424140E+00   1.066689E-16   1.205959E-05
                             5.2105       179.6468       359.9878       359.6617         5.2115       185.2105
0  6.000000E+01            2.338233E-06   9.842286E-17   4.586890E+01   5.616699E+00   1.025550E-16   1.159458E-05
                             5.2677       179.6576       359.9871       359.6555         5.2687       185.2677
0  6.100000E+01            2.250033E-06   9.867146E-17   4.592913E+01   5.812997E+00   9.868576E-17   1.115722E-05
                             5.3257       179.6678       359.9865       359.6493         5.3267       185.3257
0  6.200000E+01            2.166961E-06   9.890617E-17   4.599052E+01   6.013061E+00   9.504151E-17   1.074529E-05
                             5.3844       179.6772       359.9858       359.6431         5.3855       185.3844
0  6.300000E+01            2.088612E-06   9.912812E-17   4.605307E+01   6.216918E+00   9.160447E-17   1.035678E-05
                             5.4439       179.6862       359.9850       359.6369         5.4450       185.4439
0  6.400000E+01            2.014622E-06   9.933830E-17   4.611679E+01   6.424598E+00   8.835867E-17   9.989886E-06
                             5.5040       179.6946       359.9843       359.6306         5.5052       185.5040
0  6.500000E+01            1.944663E-06   9.953760E-17   4.618170E+01   6.636129E+00   8.528969E-17   9.642981E-06
                             5.5647       179.7025       359.9835       359.6243         5.5660       185.5647
0  6.600000E+01            1.878437E-06   9.972683E-17   4.624779E+01   6.851541E+00   8.238448E-17   9.314588E-06
                             5.6260       179.7100       359.9827       359.6180         5.6273       185.6260
0  6.700000E+01            1.815675E-06   9.990673E-17   4.631508E+01   7.070864E+00   7.963121E-17   9.003370E-06
                             5.6878       179.7171       359.9819       359.6117         5.6892       185.6878
0  6.800000E+01            1.756132E-06   1.000780E-16   4.638358E+01   7.294130E+00   7.701913E-17   8.708112E-06
                             5.7501       179.7239       359.9811       359.6053         5.7515       185.7501
0  6.900000E+01            1.699583E-06   1.002412E-16   4.645330E+01   7.521369E+00   7.453845E-17   8.427706E-06
                             5.8128       179.7303       359.9802       359.5989         5.8144       185.8128
0  7.000000E+01            1.645827E-06   1.003969E-16   4.652425E+01   7.752615E+00   7.218023E-17   8.161143E-06
                             5.8760       179.7364       359.9793       359.5925         5.8776       185.8760
0  7.100000E+01            1.594675E-06   1.005456E-16   4.659643E+01   7.987900E+00   6.993631E-17   7.907500E-06
                             5.9396       179.7422       359.9783       359.5861         5.9413       185.9396
0  7.200000E+01            1.545959E-06   1.006878E-16   4.666986E+01   8.227259E+00   6.779919E-17   7.665929E-06
                             6.0036       179.7477       359.9774       359.5796         6.0053       186.0036
0  7.300000E+01            1.499520E-06   1.008239E-16   4.674455E+01   8.470726E+00   6.576202E-17   7.435656E-06
                             6.0679       179.7530       359.9764       359.5731         6.0697       186.0679
0  7.400000E+01            1.455217E-06   1.009543E-16   4.682051E+01   8.718337E+00   6.381849E-17   7.215967E-06
                             6.1326       179.7580       359.9754       359.5665         6.1345       186.1326
0  7.500000E+01            1.412915E-06   1.010793E-16   4.689776E+01   8.970127E+00   6.196278E-17   7.006206E-06
                             6.1976       179.7628       359.9743       359.5600         6.1995       186.1976
0  7.600000E+01            1.372493E-06   1.011994E-16   4.697629E+01   9.226133E+00   6.018955E-17   6.805768E-06
                             6.2628       179.7675       359.9732       359.5534         6.2649       186.2629
0  7.700000E+01            1.333839E-06   1.013147E-16   4.705613E+01   9.486394E+00   5.849385E-17   6.614094E-06
                             6.3284       179.7719       359.9721       359.5468         6.3305       186.3284
0  7.800000E+01            1.296848E-06   1.014256E-16   4.713728E+01   9.750947E+00   5.687112E-17   6.430667E-06
                             6.3942       179.7761       359.9710       359.5401         6.3964       186.3942
0  7.900000E+01            1.261424E-06   1.015324E-16   4.721976E+01   1.001983E+01   5.531712E-17   6.255010E-06
                             6.4603       179.7802       359.9698       359.5334         6.4626       186.4603
0  8.000000E+01            1.227477E-06   1.016353E-16   4.730358E+01   1.029309E+01   5.382793E-17   6.086679E-06
                             6.5266       179.7841       359.9686       359.5267         6.5290       186.5266
0  8.100000E+01            1.194925E-06   1.017345E-16   4.738875E+01   1.057076E+01   5.239991E-17   5.925262E-06
                             6.5932       179.7879       359.9673       359.5199         6.5956       186.5932
0  8.200000E+01            1.163690E-06   1.018303E-16   4.747528E+01   1.085289E+01   5.102968E-17   5.770378E-06
                             6.6599       179.7915       359.9660       359.5131         6.6625       186.6599
0  8.300000E+01            1.133701E-06   1.019227E-16   4.756319E+01   1.113951E+01   4.971410E-17   5.621670E-06
                             6.7269       179.7950       359.9647       359.5063         6.7295       186.7269
0  8.400000E+01            1.104891E-06   1.020121E-16   4.765250E+01   1.143068E+01   4.845022E-17   5.478808E-06
                             6.7940       179.7984       359.9634       359.4994         6.7968       186.7940
0  8.500000E+01            1.077197E-06   1.020985E-16   4.774321E+01   1.172643E+01   4.723532E-17   5.341482E-06
                             6.8614       179.8016       359.9620       359.4925         6.8642       186.8614
0  8.600000E+01            1.050561E-06   1.021822E-16   4.783533E+01   1.202681E+01   4.606685E-17   5.209403E-06
                             6.9289       179.8048       359.9605       359.4856         6.9318       186.9289
0  8.700000E+01            1.024929E-06   1.022633E-16   4.792889E+01   1.233187E+01   4.494242E-17   5.082303E-06
                             6.9965       179.8078       359.9591       359.4786         6.9996       186.9965
0  8.800000E+01            1.000250E-06   1.023419E-16   4.802390E+01   1.264166E+01   4.385979E-17   4.959928E-06
                             7.0643       179.8107       359.9576       359.4716         7.0675       187.0643
0  8.900000E+01            9.764769E-07   1.024182E-16   4.812037E+01   1.295622E+01   4.281689E-17   4.842044E-06
                             7.1323       179.8136       359.9560       359.4646         7.1356       187.1323
0  9.000000E+01            9.535644E-07   1.024922E-16   4.821832E+01   1.327561E+01   4.181175E-17   4.728428E-06
                             7.2004       179.8163       359.9544       359.4575         7.2038       187.2004
0  9.100000E+01            9.314708E-07   1.025642E-16   4.831775E+01   1.359987E+01   4.084253E-17   4.618873E-06
                             7.2686       179.8190       359.9528       359.4503         7.2722       187.2687
0  9.200000E+01            9.101570E-07   1.026341E-16   4.841870E+01   1.392906E+01   3.990752E-17   4.513184E-06
                             7.3370       179.8215       359.9511       359.4432         7.3406       187.3370
0  9.300000E+01            8.895858E-07   1.027022E-16   4.852117E+01   1.426322E+01   3.900508E-17   4.411178E-06
                             7.4055       179.8240       359.9494       359.4360         7.4092       187.4055
0  9.400000E+01            8.697227E-07   1.027684E-16   4.862518E+01   1.460242E+01   3.813371E-17   4.312683E-06
                             7.4741       179.8265       359.9476       359.4287         7.4780       187.4741
0  9.500000E+01            8.505348E-07   1.028329E-16   4.873075E+01   1.494671E+01   3.729196E-17   4.217536E-06
                             7.5428       179.8288       359.9458       359.4214         7.5468       187.5428
0  9.600000E+01            8.319915E-07   1.028958E-16   4.883790E+01   1.529614E+01   3.647848E-17   4.125585E-06
                             7.6116       179.8311       359.9440       359.4141         7.6157       187.6116
0  9.700000E+01            8.140636E-07   1.029572E-16   4.894664E+01   1.565077E+01   3.569200E-17   4.036686E-06
                             7.6805       179.8333       359.9421       359.4067         7.6848       187.6805
0  9.800000E+01            7.967237E-07   1.030171E-16   4.905698E+01   1.601066E+01   3.493132E-17   3.950703E-06
                             7.7495       179.8354       359.9402       359.3992         7.7539       187.7495
0  9.900000E+01            7.799461E-07   1.030755E-16   4.916896E+01   1.637587E+01   3.419530E-17   3.867508E-06
                             7.8186       179.8375       359.9382       359.3917         7.8231       187.8186
0  1.000000E+02            7.637062E-07   1.031327E-16   4.928258E+01   1.674646E+01   3.348287E-17   3.786980E-06
                             7.8877       179.8396       359.9361       359.3842         7.8924       187.8878